26.008291721343994, [71.76000000000195, 87.51000000000255, 63.06000000000163, 51.99000000000121]
27.98006296157837, [65.82000000000173, 78.66000000000221, 54.90000000000132, 62.64000000000161]
28.903735876083374, [51.45000000000119, 67.53000000000179, 55.23000000000133, 80.40000000000228]
33.215129137039185, [69.90000000000188, 60.99000000000155, 85.47000000000247, 68.16000000000182]
29.127224445343018, [71.46000000000194, 85.98000000000249, 65.37000000000171, 58.440000000001454]
31.515515565872192, [62.58000000000161, 63.84000000000166, 84.93000000000245, 98.79000000000298]
27.64033603668213, [61.83000000000158, 56.70000000000139, 56.370000000001376, 53.160000000001254]
38.28502440452576, [59.490000000001494, 50.46000000000115, 58.65000000000146, 69.57000000000187]
27.061493396759033, [50.040000000001136, 54.63000000000131, 58.32000000000145, 70.2900000000019]
26.098862409591675, [61.53000000000157, 60.810000000001544, 57.60000000000142, 63.96000000000166]
31.599255084991455, [104.13000000000318, 58.68000000000146, 77.70000000000218, 49.56000000000112]
32.201192140579224, [76.74000000000214, 93.93000000000279, 58.14000000000144, 58.62000000000146]
31.05908203125, [52.77000000000124, 49.44000000000111, 74.34000000000205, 64.29000000000167]
31.255695104599, [49.1400000000011, 50.820000000001166, 77.13000000000216, 89.70000000000263]
31.571136951446533, [60.24000000000152, 54.4200000000013, 66.75000000000176, 58.59000000000146]
29.059156894683838, [59.280000000001486, 62.46000000000161, 64.50000000000168, 66.06000000000174]
33.3225474357605, [65.70000000000172, 97.41000000000292, 62.07000000000159, 68.58000000000183]
31.845804452896118, [65.55000000000172, 61.620000000001575, 60.12000000000152, 77.85000000000218]
28.788614749908447, [63.33000000000164, 62.1900000000016, 58.980000000001475, 80.16000000000227]
28.246232271194458, [62.3100000000016, 48.30000000000107, 89.61000000000263, 55.65000000000135]
24.983189821243286, [59.04000000000148, 54.63000000000131, 55.47000000000134, 54.3300000000013]
34.258785009384155, [83.7000000000024, 61.71000000000158, 68.76000000000184, 59.6700000000015]
38.102606773376465, [66.72000000000176, 65.61000000000172, 76.68000000000214, 90.66000000000267]
30.555027961730957, [57.84000000000143, 64.62000000000168, 93.81000000000279, 55.50000000000134]
32.65497279167175, [69.72000000000187, 52.920000000001245, 54.90000000000132, 87.21000000000254]
23.476632118225098, [54.90000000000132, 60.66000000000154, 57.48000000000142, 58.92000000000147]
25.553889513015747, [57.81000000000143, 57.72000000000143, 69.87000000000188, 62.940000000001625]
35.04130458831787, [56.13000000000137, 101.34000000000307, 80.58000000000229, 83.7000000000024]
29.454893112182617, [79.44000000000224, 49.65000000000112, 56.76000000000139, 83.7600000000024]
29.031065464019775, [54.84000000000132, 67.20000000000178, 76.59000000000214, 97.53000000000293]
39.17938852310181, [69.72000000000187, 86.2500000000025, 53.190000000001255, 119.55000000000376]
47.51270318031311, [99.12000000000299, 92.73000000000275, 69.33000000000186, 82.50000000000236]
36.049174785614014, [66.63000000000176, 93.57000000000278, 74.16000000000204, 48.27000000000107]
38.59377121925354, [57.87000000000143, 49.59000000000112, 73.65000000000202, 92.94000000000275]
38.894118547439575, [65.43000000000171, 68.16000000000182, 92.22000000000273, 84.18000000000242]
32.86607789993286, [75.42000000000209, 51.54000000000119, 70.2300000000019, 72.930000000002]
36.28327965736389, [72.57000000000198, 50.250000000001144, 77.70000000000218, 80.52000000000228]
37.14691400527954, [93.42000000000277, 58.740000000001466, 56.310000000001374, 70.89000000000192]
34.42588996887207, [68.13000000000181, 53.82000000000128, 71.58000000000195, 74.16000000000204]
34.596214294433594, [64.23000000000167, 80.9100000000023, 77.01000000000215, 59.010000000001476]
32.46141695976257, [60.93000000000155, 50.520000000001154, 63.66000000000165, 77.07000000000215]
37.410372734069824, [62.2800000000016, 84.33000000000243, 83.13000000000238, 65.82000000000173]
33.73953366279602, [53.28000000000126, 73.23000000000201, 83.5500000000024, 49.0500000000011]
36.38666868209839, [70.4400000000019, 60.51000000000153, 59.91000000000151, 74.43000000000205]
33.38973069190979, [58.53000000000146, 89.07000000000261, 52.620000000001234, 71.37000000000194]
36.7034854888916, [78.63000000000221, 60.39000000000153, 76.44000000000213, 82.92000000000237]
34.0827214717865, [61.41000000000157, 60.78000000000154, 101.64000000000308, 59.220000000001484]
33.48558807373047, [57.0900000000014, 56.70000000000139, 74.70000000000206, 81.45000000000232]
38.910847902297974, [70.98000000000192, 66.09000000000174, 81.57000000000232, 70.71000000000191]
41.44233798980713, [73.050000000002, 81.1200000000023, 66.75000000000176, 64.05000000000166]
33.312079191207886, [67.98000000000181, 86.73000000000252, 107.1600000000033, 60.51000000000153]
31.757391691207886, [62.46000000000161, 59.19000000000148, 78.90000000000222, 80.67000000000229]
32.50065326690674, [69.57000000000187, 52.86000000000124, 51.6600000000012, 99.99000000000302]
38.73923969268799, [55.050000000001326, 66.81000000000176, 94.0800000000028, 83.91000000000241]
33.62085151672363, [64.44000000000167, 63.42000000000164, 53.01000000000125, 73.86000000000203]
32.51399779319763, [73.26000000000201, 48.57000000000108, 69.69000000000187, 70.92000000000192]
34.84180974960327, [67.23000000000178, 62.940000000001625, 75.06000000000208, 74.55000000000206]
29.960696697235107, [67.5900000000018, 61.74000000000158, 71.73000000000195, 57.24000000000141]
42.72616004943848, [69.99000000000188, 77.82000000000218, 64.11000000000166, 88.8300000000026]
28.7593674659729, [62.940000000001625, 55.41000000000134, 52.47000000000123, 81.99000000000234]
27.690903186798096, [59.16000000000148, 77.01000000000215, 90.57000000000266, 60.69000000000154]
25.59764051437378, [56.640000000001386, 63.750000000001656, 53.25000000000126, 81.72000000000233]
26.9067165851593, [54.3600000000013, 79.47000000000224, 74.43000000000205, 61.350000000001565]
37.4075767993927, [55.38000000000134, 94.0500000000028, 63.54000000000165, 75.93000000000211]
28.508917331695557, [51.7800000000012, 66.06000000000174, 58.740000000001466, 50.88000000000117]
31.767305850982666, [68.73000000000184, 61.29000000000156, 74.76000000000207, 50.10000000000114]
29.884100198745728, [59.13000000000148, 99.75000000000301, 69.90000000000188, 50.16000000000114]
25.728164196014404, [53.34000000000126, 56.40000000000138, 71.31000000000193, 81.96000000000234]
27.240376949310303, [62.670000000001615, 69.60000000000187, 60.69000000000154, 51.360000000001186]
31.45956325531006, [51.6600000000012, 66.84000000000177, 68.82000000000184, 78.60000000000221]
30.61194109916687, [91.05000000000268, 53.52000000000127, 55.530000000001344, 93.75000000000279]
35.362311601638794, [52.44000000000123, 79.62000000000225, 65.0100000000017, 52.02000000000121]
35.76142477989197, [75.33000000000209, 82.26000000000235, 54.000000000001286, 67.23000000000178]
29.651999950408936, [61.77000000000158, 62.58000000000161, 82.11000000000234, 47.85000000000105]
27.663922786712646, [57.36000000000141, 72.66000000000199, 71.64000000000195, 51.360000000001186]
26.41599440574646, [61.620000000001575, 56.43000000000138, 68.10000000000181, 49.95000000000113]
34.74682664871216, [61.080000000001554, 66.93000000000177, 54.000000000001286, 85.05000000000246]
37.00994563102722, [48.990000000001096, 63.180000000001634, 89.25000000000261, 88.08000000000257]
37.370832204818726, [59.34000000000149, 54.480000000001304, 56.9400000000014, 78.3900000000022]
36.54360008239746, [65.1900000000017, 49.500000000001116, 76.89000000000215, 86.85000000000252]
28.609241724014282, [67.8600000000018, 62.3700000000016, 75.4800000000021, 52.71000000000124]
21.138772010803223, [50.790000000001164, 54.990000000001324, 54.84000000000132, 56.100000000001366]
27.045337438583374, [75.00000000000207, 59.010000000001476, 53.76000000000128, 90.42000000000266]
33.98399090766907, [90.18000000000265, 64.71000000000168, 64.08000000000166, 73.29000000000201]
31.216980457305908, [57.690000000001426, 87.30000000000254, 89.88000000000264, 51.15000000000118]
26.698655128479004, [77.01000000000215, 69.18000000000185, 59.13000000000148, 61.02000000000155]
34.26845192909241, [72.81000000000199, 83.88000000000241, 70.77000000000191, 64.77000000000169]
28.491893529891968, [62.160000000001595, 69.03000000000185, 53.85000000000128, 59.6100000000015]
31.172982692718506, [78.06000000000219, 90.96000000000268, 64.02000000000166, 53.31000000000126]
32.78266739845276, [77.10000000000215, 69.63000000000187, 57.30000000000141, 110.28000000000341]
25.938495635986328, [54.84000000000132, 72.39000000000198, 55.47000000000134, 68.52000000000183]
28.912144660949707, [53.01000000000125, 68.76000000000184, 77.13000000000216, 53.88000000000128]
29.12033772468567, [74.46000000000205, 53.40000000000126, 62.55000000000161, 57.27000000000141]
33.66179418563843, [105.03000000000321, 72.27000000000197, 85.11000000000246, 53.88000000000128]
20.2145094871521, [81.54000000000232, 54.93000000000132, 54.750000000001315, 67.98000000000181]
