30.25169014930725, [78.84000000000222, 72.870000000002, 51.45000000000119, 87.45000000000255]
31.18240451812744, [69.06000000000185, 83.28000000000239, 65.37000000000171, 92.34000000000273]
31.75293517112732, [61.02000000000155, 84.63000000000244, 72.12000000000197, 80.7900000000023]
32.025243043899536, [91.4700000000027, 54.240000000001295, 82.02000000000234, 63.03000000000163]
21.292669534683228, [71.10000000000193, 53.670000000001274, 88.65000000000259, 54.57000000000131]
23.147826671600342, [75.09000000000208, 56.43000000000138, 68.97000000000185, 69.36000000000186]
25.25704264640808, [72.42000000000198, 64.92000000000169, 84.24000000000242, 56.79000000000139]
28.165705680847168, [52.410000000001226, 87.51000000000255, 55.590000000001346, 88.62000000000259]
30.611130237579346, [62.01000000000159, 78.2700000000022, 57.0000000000014, 63.09000000000163]
31.955520391464233, [61.44000000000157, 83.4300000000024, 58.08000000000144, 83.5800000000024]
29.25278329849243, [82.38000000000235, 65.2500000000017, 66.15000000000174, 56.340000000001375]
33.76810050010681, [63.78000000000166, 73.35000000000201, 54.54000000000131, 70.77000000000191]
34.73869299888611, [62.970000000001626, 74.58000000000206, 53.190000000001255, 82.53000000000236]
26.984825611114502, [54.81000000000132, 57.72000000000143, 92.34000000000273, 72.51000000000198]
40.22115230560303, [87.33000000000254, 60.00000000000151, 89.61000000000263, 78.69000000000221]
34.28216004371643, [64.05000000000166, 77.97000000000219, 54.000000000001286, 70.95000000000192]
33.47984790802002, [78.4200000000022, 65.73000000000172, 94.74000000000282, 58.200000000001445]
34.104743003845215, [75.39000000000209, 75.12000000000208, 59.220000000001484, 56.70000000000139]
42.634843826293945, [72.42000000000198, 79.08000000000223, 61.41000000000157, 58.08000000000144]
27.083184003829956, [55.74000000000135, 59.250000000001485, 61.32000000000156, 58.59000000000146]
33.04898738861084, [66.69000000000176, 66.00000000000173, 71.64000000000195, 86.94000000000253]
32.239144802093506, [59.97000000000151, 78.2400000000022, 54.12000000000129, 69.12000000000185]
36.19837760925293, [65.46000000000171, 90.99000000000268, 59.43000000000149, 85.98000000000249]
31.97186803817749, [58.02000000000144, 88.47000000000259, 76.53000000000213, 57.630000000001424]
35.130748987197876, [58.59000000000146, 53.28000000000126, 59.97000000000151, 63.00000000000163]
37.58595156669617, [94.71000000000282, 62.160000000001595, 53.22000000000126, 102.63000000000312]
34.29405879974365, [87.09000000000253, 53.40000000000126, 62.2500000000016, 66.57000000000176]
33.46650242805481, [58.230000000001446, 95.94000000000287, 69.87000000000188, 54.90000000000132]
33.13138723373413, [59.19000000000148, 121.50000000000384, 69.09000000000185, 82.20000000000235]
30.080492734909058, [72.69000000000199, 71.58000000000195, 51.600000000001195, 55.11000000000133]
30.437139987945557, [53.58000000000127, 82.74000000000237, 69.78000000000188, 65.0700000000017]
30.515235900878906, [59.10000000000148, 60.840000000001545, 61.68000000000158, 59.220000000001484]
31.96438956260681, [61.590000000001574, 53.28000000000126, 61.95000000000159, 83.7300000000024]
29.006465435028076, [62.670000000001615, 73.95000000000203, 55.800000000001354, 63.81000000000166]
28.612757205963135, [57.87000000000143, 58.470000000001455, 84.57000000000244, 53.64000000000127]
26.948631286621094, [60.840000000001545, 80.37000000000228, 53.31000000000126, 67.7400000000018]
33.23008155822754, [85.53000000000247, 58.41000000000145, 56.49000000000138, 62.64000000000161]
25.88507866859436, [55.530000000001344, 93.9900000000028, 55.590000000001346, 69.09000000000185]
35.685179233551025, [57.390000000001415, 82.77000000000237, 62.85000000000162, 85.80000000000248]
36.085697889328, [70.68000000000191, 88.08000000000257, 62.910000000001624, 73.44000000000202]
27.233968496322632, [87.09000000000253, 50.94000000000117, 92.79000000000275, 59.010000000001476]
34.0723934173584, [91.5300000000027, 60.96000000000155, 57.78000000000143, 73.140000000002]
33.68333601951599, [62.2800000000016, 64.77000000000169, 52.410000000001226, 52.29000000000122]
38.20358967781067, [59.490000000001494, 74.52000000000206, 77.10000000000215, 77.49000000000217]
36.19500255584717, [71.61000000000195, 64.83000000000169, 59.97000000000151, 71.10000000000193]
29.497717142105103, [58.08000000000144, 86.01000000000249, 57.33000000000141, 80.52000000000228]
35.60846757888794, [84.57000000000244, 59.250000000001485, 56.73000000000139, 61.620000000001575]
33.48025989532471, [58.50000000000146, 82.44000000000236, 58.62000000000146, 64.68000000000168]
28.519421577453613, [73.59000000000202, 73.020000000002, 55.530000000001344, 65.2800000000017]
26.13885498046875, [68.64000000000183, 58.92000000000147, 68.10000000000181, 62.3400000000016]
36.073458671569824, [82.02000000000234, 61.74000000000158, 100.92000000000306, 65.1000000000017]
30.314025163650513, [54.90000000000132, 67.6500000000018, 67.56000000000179, 54.240000000001295]
39.96901035308838, [84.78000000000245, 79.26000000000224, 73.47000000000202, 53.37000000000126]
37.05503988265991, [87.66000000000255, 74.28000000000205, 53.61000000000127, 87.60000000000255]
31.82669162750244, [56.46000000000138, 65.94000000000173, 51.99000000000121, 79.65000000000225]
35.17651844024658, [62.88000000000162, 65.85000000000173, 81.63000000000233, 71.67000000000195]
33.28174304962158, [68.49000000000183, 74.85000000000207, 58.11000000000144, 68.46000000000183]
31.03727149963379, [56.16000000000137, 64.89000000000169, 67.7700000000018, 74.34000000000205]
33.791828870773315, [67.08000000000177, 55.14000000000133, 55.50000000000134, 86.82000000000252]
28.05487871170044, [65.67000000000172, 56.610000000001385, 72.03000000000196, 80.52000000000228]
33.47508525848389, [65.1600000000017, 65.88000000000173, 58.440000000001454, 72.42000000000198]
30.672189235687256, [67.8600000000018, 62.2200000000016, 100.38000000000304, 58.80000000000147]
37.08048367500305, [94.2000000000028, 62.400000000001604, 51.48000000000119, 94.0500000000028]
35.61136221885681, [61.74000000000158, 74.61000000000206, 76.14000000000212, 52.29000000000122]
34.30373215675354, [81.33000000000231, 62.940000000001625, 56.49000000000138, 66.75000000000176]
32.32542705535889, [100.17000000000303, 53.85000000000128, 65.79000000000173, 87.03000000000253]
36.40930390357971, [87.69000000000256, 55.530000000001344, 56.910000000001396, 80.55000000000229]
32.68752908706665, [62.1900000000016, 92.64000000000274, 54.510000000001305, 86.70000000000252]
34.02420401573181, [82.23000000000235, 61.44000000000157, 80.73000000000229, 61.80000000000158]
31.009686946868896, [57.420000000001416, 68.97000000000185, 79.17000000000223, 63.240000000001636]
29.335615396499634, [78.09000000000219, 88.7700000000026, 51.18000000000118, 57.18000000000141]
35.3371262550354, [79.65000000000225, 105.39000000000323, 64.86000000000169, 82.98000000000238]
32.64867043495178, [74.67000000000206, 61.590000000001574, 61.110000000001556, 63.210000000001635]
39.0774359703064, [58.65000000000146, 67.7400000000018, 78.90000000000222, 86.2500000000025]
36.15077829360962, [74.85000000000207, 69.24000000000186, 82.68000000000237, 67.08000000000177]
38.462557792663574, [104.46000000000319, 52.71000000000124, 83.7600000000024, 60.36000000000153]
34.16557240486145, [53.31000000000126, 85.05000000000246, 75.03000000000208, 68.25000000000182]
29.13483238220215, [76.92000000000215, 56.76000000000139, 69.51000000000187, 75.7500000000021]
31.10872745513916, [56.850000000001394, 67.50000000000179, 54.87000000000132, 68.94000000000185]
33.10766911506653, [61.350000000001565, 70.65000000000191, 108.45000000000334, 79.38000000000224]
34.44571137428284, [64.62000000000168, 62.1900000000016, 82.77000000000237, 52.350000000001224]
32.05002689361572, [86.0400000000025, 51.7800000000012, 66.30000000000175, 54.780000000001316]
35.505762338638306, [96.24000000000288, 74.82000000000207, 60.330000000001526, 64.08000000000166]
39.66288757324219, [89.94000000000264, 71.61000000000195, 69.30000000000186, 61.50000000000157]
37.74850916862488, [83.34000000000239, 96.7800000000029, 82.59000000000236, 52.920000000001245]
34.73029017448425, [66.54000000000175, 76.56000000000213, 72.45000000000198, 64.56000000000168]
35.340919733047485, [54.18000000000129, 74.82000000000207, 60.540000000001534, 49.500000000001116]
32.15350008010864, [75.15000000000208, 62.940000000001625, 58.80000000000147, 93.84000000000279]
36.42527914047241, [87.96000000000257, 54.3600000000013, 70.3500000000019, 91.17000000000269]
31.60511016845703, [80.01000000000226, 57.420000000001416, 88.05000000000257, 63.51000000000165]
30.720248222351074, [95.04000000000283, 57.51000000000142, 84.06000000000242, 54.990000000001324]
34.83862566947937, [55.68000000000135, 79.44000000000224, 56.640000000001386, 71.43000000000194]
25.064402103424072, [61.83000000000158, 58.26000000000145, 83.88000000000241, 56.13000000000137]
27.848939895629883, [57.99000000000144, 70.95000000000192, 57.30000000000141, 64.9500000000017]
